**************************************************************
* LABORATORI D'ENVOL PARAGLIDING DESIGN                      *
* Input data file                                            *
**************************************************************
*
**************************************************************
*             1. GEOMETRY                                    *
**************************************************************
* Brand name
"Laboratori d'envol"
* Wing name
"gnuLAB4_previous"
* Drawing scale
1.5
* Wing scale 
1.0
* Number of cells
	46
* Number of ribs
	47
* Alpha wingtip, parameter, (alpha center) 
	4.5        2         0.0
* Paraglider type and parameter
"ds" 0
* Rib geometric parameters
* Rib    x-rib       y-LE       y-TE         xp         z     beta      RP        Washin
 1       0.00       0.00     271.02       0.01       0.00       0.00      33.33       0.00
 2      30.60       0.23     270.88      30.59       0.62       2.40      33.33       0.00
 3      61.12       0.90     270.46      61.05       2.48       4.72      33.33       0.00
 4      91.49       2.03     269.77      91.27       5.55       6.89      33.33       0.00
 5     121.66       3.60     268.80     121.13       9.81       9.21      33.33       0.00
 6     151.58       5.60     267.57     150.56      15.21      11.53      33.33       0.00
 7     181.18       8.05     266.07     179.44      21.70      13.86      33.33       0.00
 8     210.42      10.92     264.32     207.69      29.24      16.26      33.33       0.00
 9     239.24      14.21     262.33     235.11      38.08      19.36      33.33       0.00
10     267.59      17.92     260.10     261.59      48.20      22.45      33.33       0.00
11     295.42      22.03     257.64     287.02      59.50      25.55      33.33       0.00
12     322.68      26.54     254.97     311.33      71.84      28.44      33.33       0.00
13     349.33      31.44     252.09     334.44      85.09      31.33      33.33       0.00
14     375.32      36.72     249.03     356.32      99.11      34.02      33.33       0.00
15     400.54      43.14     245.75     376.85     113.75      37.18      33.33       0.00
16     424.83      51.28     242.27     395.72     129.05      40.94      33.33       0.00
17     448.08      60.92     238.64     412.82     144.80      44.33      33.33       0.00
18     470.18      71.80     234.90     428.14     160.72      47.71      33.33       0.00
19     491.03      83.65     231.10     441.71     176.54      50.91      33.33       0.00
20     510.59      96.23     227.29     453.63     192.05      53.92      33.33       0.00
21     528.82     109.26     223.51     463.34     207.46      62.79      33.33       0.00
22     545.71     122.54     219.82     469.86     223.01      71.73      33.33       0.00
23     561.26     135.83     216.24     473.61     238.09      80.30      33.33       0.00
24     575.50     148.95     212.80     475.13     255.52      88.16      33.33       0.00
**************************************************************
*             2. AIRFOILS       	                     *
**************************************************************
* Airfoil name. intake in. intake out. open. disp   rweight 
1	gnulab4.txt     1.6     6.3	1	0	1     17
2	gnulab4.txt     1.6     6.3	1	0	1     17
3	gnulab4.txt     1.6     6.3	1	0	1     17
4	gnulab4.txt     1.6     6.3	1	0	1     17
5	gnulab4.txt     1.6     6.3	1	0	1     17
6	gnulab4.txt     1.6     6.3	1	0	1     15
7	gnulab4.txt     1.6     6.3	1	0	1     15
8	gnulab4.txt     1.6     6.3	1	0	1     15
9	gnulab4.txt     1.6     6.3	1	0	1     15
10	gnulab4.txt     1.6     6.3	1	0	1     15
11	gnulab4.txt     1.6     6.3	1	0	1     15
12	gnulab4.txt     1.6     6.3	1	0	1     15
13	gnulab4.txt     1.6     6.3	1	0	1     15
14	gnulab4.txt     1.6     6.3	1	0	1     15
15	gnulab4.txt     1.6     6.3	1	0	1     15
16	gnulab4.txt     1.6     6.3	1	0	1     15
17	gnulab4.txt     1.6     6.3	1	0	1     15
18	gnulab4.txt     1.6     6.3	1	0	1     15
19	gnulab4.txt     1.6     6.3	1	0	1     15
20	gnulab4.txt     1.6     6.3	1	0	1     15
21	gnulab4.txt     1.6     6.3	1	0	1     15
22	gnulab4.txt     1.6     6.3	0	0	1     15
22	gnulab4.txt     1.6     6.3	0	0	1     1
24	gnulab4t.txt	0.0	6.3	0	0	1     1
*************************************************************
*            3. ANCHOR POINTS                               *
*************************************************************
* Airf	Anch	A	B	C	D	E	F
1	3	8.5	35	65.0	0	0	0
2	3	8.5	35	65.0    0	0	93
3	3	8.5	35	65.0	0 	0	95
4	3	8.5	35	65.0	0 	0	95
5	3	8.5	35	65.0	0 	0	95
6	3	8.5	35	65.0	0 	0	100
7	3	8.5	35	65.0	0 	0	100
8	3	8.5	35	65.0	0 	0	100
9	3	8.5	35	65.0	0 	0	100
10	3	8.5	35	65.0	0 	0	100
11	3	8.5	35	65.0	0 	0	100
12	3	8.5	35	65.0	0 	0	100
13	3	8.5	35	65.0	0 	0	100
14	3	8.7	35	65.0	0 	0	100
15	3	8.85	35	65.0	0 	0	100
16	3	9.0	35	65.0	0 	0	100
17	3	9.5	35	65.0	0 	0	100
18	3	10.0	35	65.0	0 	0	100
19	3	10.25	35	65.0	0	0	100
20	3	10.5	35	65.0	0	0	100
21	3	10.5	35	65.0	0	0	100
22	3	10.5	35	65.0	0	0	100
23	3	10.5	35	65.0	0	0	100
24	3	5.	40	77	0	0	0
*************************************************************
*          4. AIRFOIL HOLES                                 *
*************************************************************
1
1
23
8
1 14.69	3.07	2.05	5.3	0.	0.	0.	0.
1 22.0	3.07	3.07	7.15	0.	0.	0.	0.
1 29.3	3.07	2.05	5.3	0.	0.	0.	0.
1 42.5	1.52	2.05	3.82	0.	0.	0.	0.
1 50.0	1.52	2.84	5.89	0.	0.	0.	0.
1 57.48	1.52	2.05	3.82	0.	0.	0.	0.
1 72.45	0.75	2.05	2.8	0.	0.	0.	0.
1 80.53	0.53	1.62	1.62	0.	0.	0.	0.
*************************************************************
*           5. SKIN TENSION                                 *
*************************************************************
Extrados
0.		0.0	0.		0.
7.5		1.3	10.		1.33
15.		2.5	20.		2.5
80.		2.5	80.		2.5
90.		1.33	90.		1.33
100.		0.0	100.		0.
0.0114
1000    1.0
*************************************************************
*           6. SEWING ALLOWANCES                            *
*************************************************************
12	22	22	upper panels (mm)
12	22	22	lower panels (mm)
12	ribs (mm)
12	vribs (mm)
*************************************************************
*           7. MARKS
*************************************************************
25.	0.5	0.15
************************************************************
*           8. Global angle of attack estimation           *
*************************************************************
* Finesse GR
	8.8
* Center of pressure % of chord
	38
* Calage %
	30.5
* Risers lenght cm
	47
* Line lenght cm
	700
* Karabiners cm
	40
***************************************************
*          9. SUSPENSION LINES DESCRIPTION
***************************************************
0
3
11
3	1 1	2 1	3 1	0 0 	1 2
3	1 1	2 1	3 2	0 0	1 4
3	1 1	2 1	3 3	0 0	1 6
4	1 1	2 2	3 4	4 1	1 8
4	1 1	2 2	3 4	4 2	1 10
4	1 1	2 2	3 5	4 3	1 12
4	1 1	2 2	3 5	4 4	1 14
4	1 1	2 3	3 6	4 5	1 16
4	1 1	2 3	3 6	4 6	1 18
4	1 1	2 3	3 7	4 7	1 20
4	1 1	2 3	3 7	4 8	1 22
14
3	1 1	2 1	3 1	0 0 	2 2
3	1 1	2 1	3 2	0 0	2 4
3	1 1	2 1	3 3	0 0	2 6
4	1 1	2 2	3 4	4 1	2 8
4	1 1	2 2	3 4	4 2	2 10
4	1 1	2 2	3 5	4 3	2 12
4	1 1	2 2	3 5	4 4	2 14
4	1 1	2 3	3 6	4 5	2 16
4	1 1	2 3	3 6	4 6	2 18
4	1 1	2 3	3 7	4 7	2 20
4	1 1	2 3	3 7	4 8	2 22
3	1 1	2 4	3 8	0 0	1 24
3	1 1	2 4	3 9	0 0	2 24
3	1 1	2 4	3 10	0 0	3 24
10
3	1 1	2 1	3 1	0 0 	3 2
3	1 1	2 1	3 2	0 0	3 4
3	1 1	2 1	3 3	0 0	3 6
4	1 1	2 2	3 4	4 1	3 8
4	1 1	2 2	3 4	4 2	3 10
4	1 1	2 2	3 5	4 3	3 12
4	1 1	2 2	3 5	4 4	3 14
3	1 1	2 3	3 6	0 0	3 16
3	1 1	2 3	3 7	0 0	3 18
3	1 1	2 3	3 8	0 0	3 20
***************************************************
*       10. BRAKES
***************************************************
300
9
3	1 1	2 1	3 1	0 0 	6 3
3	1 1	2 1	3 2	0 0	6 5
3	1 1	2 1	3 3	0 0	6 7.5
3	1 1	2 2	3 4	0 0	6 10
3	1 1	2 2	3 5	0 0	6 13
3	1 1	2 2	3 6	0 0	6 16
3	1 1	2 3	3 7	0 0	6 18
3	1 1	2 3	3 8	0 0	6 20
3	1 1	2 3	3 9	0 0	6 22
* Brake distribution
0	25	50	80	100
0 	0	0	0	0
***************************************************
*       11. Ramification lengths
***************************************************
3	180
4	275	100
3	135
4	200	80
***************************************************
*	12. H V and VH ribs
***************************************************
57
80	150
1	5	2 1	1 1	50.	35.	85.	4.5
2	5	2 2	1 1	50.	35.	85.	4.5
3	5	2 3	1 1	50.	35.	85.	4.5
4	5	4 1	1 1	50.	35.	85.	4.5
5	5	4 2	1 1	50.	35.	85.	4.5
6	5	4 3	1 1	50.	35.	85.	4.5
7	5	6 1	1 1	50.	35.	85.	4.5
8	5	6 2	1 1	50.	35.	85.	4.5
9	5	6 3	1 1	50.	35.	85.	4.5
10	5	8 1	1 1	65.	35.	85.	4.5
11	5	8 2	1 1	65.	35.	85.	4.5
12	5	8 3	1 1	65.	35.	85.	4.5
13	5	10 1	1 1	80.	35.	85.	4.5
14	5	10 2	1 1	80.	35.	85.	4.5
15	5	10 3	1 1	80.	35.	85.	4.5
16	5	12 1	1 1	80.	35.	85.	4.5
17	5	12 2	1 1	80.	35.	85.	4.5
18	5	12 3	1 1	80.	35.	85.	4.5
19	5	14 1	1 1	80.	35.	85.	4.5
20	5	14 2	1 1	80.	35.	85.	4.5
21	5	14 3	1 1	80.	35.	85.	4.5
22	5	16 1	1 1	80.	35.	85.	4.5
23	5	16 2	1 1	80.	35.	85.	4.5
24	5	16 3	1 1	80.	35.	85.	4.5
25	5	18 1	1 1	80.	35.	85.	4.5
26	5	18 2	1 1	80.	35.	85.	4.5
27	5	18 3	1 1	80.	35.	85.	4.5
28	5	20 1	1 1	80.	35.	85.	4.5
29	5	20 2	1 1	80.	35.	85.	4.5
30	5	20 3	1 1	80.	35.	85.	4.5
31	5	22 1	1 0	80.	35.	85.	4.5
32	5	22 2	1 0	80.	35.	85.	4.5
33	5	22 3	1 0	80.	35.	85.	4.5
34      1       1  3    2 3     4.5     0       0       0
35      1       2  3    3 3     4.5     0       0       0
36      1       3  3    4 3     4.5     0       0       0
37      1       4  3    5 3     4.5     0       0       0
38      1       5  3    6 3     4.5     0       0       0
39      1       6  3    7 3     4.5     0       0       0
40      1       7  3    8 3     4.5     0       0       0
41      1       8  3    9 3     4.5     0       0       0
42      1       9  3   10 3     4.5     0       0       0
43      1      10  3   11 3     4.5     0       0       0
44      1      11  3   12 3     4.5     0       0       0
45      1      12  3   13 3     4.5     0       0       0
46      1      13  3   14 3     4.5     0       0       0
47      1      14  3   15 3     4.5     0       0       0
48      1       6  1    7 1     4.5     0       0       0
49      1       7  1    8 1     4.5     0       0       0
50      1       6  2    7 2     4.5     0       0       0
51      1       7  2    8 2     4.5     0       0       0
52      1      10  1   11 1     4.5     0       0       0
53      1      11  1   12 1     4.5     0       0       0
54      1      10  2   11 2     4.5     0       0       0
55      1      11  2   12 2     4.5     0       0       0
56      1       1  1    2 1     4.5     0       0       0
57      1       1  2    2 2     4.5     0       0       0
*****************************************************
*	15. Extrados colors
*****************************************************
1
1	1
1	0.	0.
*****************************************************
*	16. Intrados colors
*****************************************************
1
1	1
1	0.	0.
*****************************************************
*       17. Aditional rib points
*****************************************************
2
7.0	8.15
12.0	-4.5
*****************************************************
*       18. Elastic lines corrections
*****************************************************
100
75	25
40	40	20
35	35	20	10
35	35	15	10	5
1	0.08	0.2	0.2	
2	0.08	0.2	0.2
3	0.08	0.2	0.2
4	0.08	0.2	0.2
5	0.08	0.2	0.2

		
