*************************************************
LABORATORI D'ENVOL PARAGLIDING
*************************************************
GEOMETRY PRE-PROCESSOR
Version 1.4 "Les Escaules" (2016-08-24)
*************************************************
Auxiliar geometry data for use with LEparagliding
*************************************************
1. Matrix of geometry
*************************************************
Rib    x-rib       y-LE       y-TE         xp         z      beta      RP        Washin
 1      24.37       0.18     309.24      24.36       0.46       2.16      33.33       0.00
 2      72.86       1.60     308.49      72.71       4.08       6.48      33.33       0.00
 3     120.88       4.44     307.00     120.18      11.21      10.59      33.33       0.00
 4     168.18       8.68     304.79     166.31      21.64      14.90      33.33       0.00
 5     214.54      14.30     301.85     210.67      35.08      18.81      33.33       0.00
 6     259.73      21.30     298.21     252.79      51.40      23.70      33.33       0.00
 7     303.50      29.77     293.87     292.02      70.79      28.88      33.33       0.00
 8     345.46      41.26     288.87     327.84      92.61      33.84      33.33       0.00
 9     385.16      56.00     283.16     359.89     116.02      38.37      33.33       0.00
10     422.21      73.45     276.64     387.92     140.23      44.11      33.33       0.00
11     456.31      93.04     269.45     410.61     165.64      52.52      33.33       0.00
12     487.22     114.20     261.78     427.78     191.33      59.97      33.33       0.00
13     514.81     136.38     253.80     438.47     216.67      74.82      33.33       0.00
14     539.00     159.09     245.71     441.90     240.55      88.56      33.33       0.00
*************************************************
2. Main geometry paraglider data:
***********************************************
Cells=  27
1 Number of cells is odd 
Number of ribs  14
Span=   10.78 m
Span_proj=    8.84 m
Surface=   27.02 m2
Surface_proj=   23.56 m2
Aspect_Ratio=    4.30
Aspect_Ratio_proj=    3.32
Flattening=   0.13
Max_chord=  309.06 cm
Mid_chord=  250.68 cm
Min_chord=   86.62 cm
***********************************************
3. Some internal parameters:
***********************************************
Vault case 2: centers of the arcs:
1      0.0000   -400.0000
1     55.6719   -249.9019
1    222.6804    -62.5676
1    336.1941      1.2845
***********************************************
4. Leading edge, trailing edge, and vault coordinates:
***********************************************
Leading edge coordinates
 110
  1       0.0000       0.0000
  2       6.0967       0.0112
  3      12.1928       0.0447
  4      18.2877       0.1006
  5      24.3807       0.1788
  6      30.4713       0.2794
  7      36.5589       0.4023
  8      42.6427       0.5475
  9      48.7224       0.7151
 10      54.7971       0.9049
 11      60.8664       1.1170
 12      66.9296       1.3513
 13      72.9861       1.6078
 14      79.0353       1.8866
 15      85.0766       2.1875
 16      91.1094       2.5106
 17      97.1331       2.8557
 18     103.1471       3.2229
 19     109.1508       3.6122
 20     115.1435       4.0235
 21     121.1247       4.4567
 22     127.0938       4.9118
 23     133.0502       5.3889
 24     138.9934       5.8877
 25     144.9226       6.4082
 26     150.8373       6.9506
 27     156.7369       7.5145
 28     162.6208       8.1001
 29     168.4885       8.7072
 30     174.3393       9.3358
 31     180.1727       9.9859
 32     185.9881      10.6573
 33     191.7849      11.3499
 34     197.5625      12.0638
 35     203.3204      12.7989
 36     209.0579      13.5551
 37     214.7745      14.3322
 38     220.4697      15.1302
 39     226.1427      15.9491
 40     231.7932      16.7888
 41     237.4205      17.6492
 42     243.0241      18.5301
 43     248.6033      19.4316
 44     254.1577      20.3534
 45     259.6867      21.2956
 46     265.1897      22.2580
 47     270.6662      23.2406
 48     276.1156      24.2431
 49     281.5374      25.2657
 50     286.9311      26.3080
 51     292.2961      27.3705
 52     297.6318      28.4763
 53     302.9378      29.6384
 54     308.2134      30.8560
 55     313.4583      32.1283
 56     318.6718      33.4547
 57     323.8535      34.8342
 58     329.0027      36.2662
 59     334.1191      37.7497
 60     339.2020      39.2841
 61     344.2511      40.8685
 62     349.2657      42.5020
 63     354.2454      44.1838
 64     359.1896      45.9131
 65     364.0980      47.6890
 66     368.9699      49.5105
 67     373.8049      51.3769
 68     378.6026      53.2873
 69     383.3624      55.2407
 70     388.0838      57.2362
 71     392.7665      59.2729
 72     397.4098      61.3500
 73     402.0135      63.4664
 74     406.5769      65.6213
 75     411.0997      67.8136
 76     415.5813      70.0426
 77     420.0215      72.3071
 78     424.4195      74.6063
 79     428.7752      76.9392
 80     433.0880      79.3049
 81     437.3575      81.7023
 82     441.5832      84.1305
 83     445.7648      86.5886
 84     449.9018      89.0756
 85     453.9938      91.5904
 86     458.0404      94.1322
 87     462.0413      96.6999
 88     465.9958      99.2925
 89     469.9039     101.9091
 90     473.7649     104.5488
 91     477.5785     107.2104
 92     481.3444     109.8931
 93     485.0622     112.5959
 94     488.7314     115.3178
 95     492.3518     118.0578
 96     495.9229     120.8150
 97     499.4445     123.5884
 98     502.9161     126.3770
 99     506.3374     129.1798
100     509.7081     131.9960
101     513.0278     134.8245
102     516.2962     137.6645
103     519.5130     140.5149
104     522.6779     143.3748
105     525.7904     146.2433
106     528.8504     149.1195
107     531.8575     152.0025
108     534.8114     154.8913
109     537.7119     157.7850
110     539.0000     159.0890
Trailing edge coordinates
 102
  1       0.0000     309.3300
  2       6.3691     309.3236
  3      12.7376     309.3044
  4      19.1049     309.2724
  5      25.4702     309.2276
  6      31.8330     309.1701
  7      38.1926     309.0997
  8      44.5483     309.0166
  9      50.8997     308.9207
 10      57.2459     308.8121
 11      63.5864     308.6907
 12      69.9205     308.5566
 13      76.2477     308.4097
 14      82.5672     308.2502
 15      88.8785     308.0779
 16      95.1809     307.8930
 17     101.4737     307.6955
 18     107.7565     307.4853
 19     114.0284     307.2625
 20     120.2890     307.0271
 21     126.5375     306.7791
 22     132.7733     306.5186
 23     138.9959     306.2456
 24     145.2046     305.9601
 25     151.3988     305.6621
 26     157.5778     305.3517
 27     163.7410     305.0289
 28     169.8879     304.6938
 29     176.0178     304.3463
 30     182.1301     303.9865
 31     188.2242     303.6144
 32     194.2994     303.2301
 33     200.3553     302.8337
 34     206.3911     302.4250
 35     212.4062     302.0043
 36     218.4001     301.5715
 37     224.3722     301.1267
 38     230.3219     300.6699
 39     236.2485     300.2012
 40     242.1514     299.7206
 41     248.0302     299.2282
 42     253.8842     298.7240
 43     259.7127     298.2080
 44     265.5154     297.6804
 45     271.2914     297.1411
 46     277.0403     296.5902
 47     282.7615     296.0279
 48     288.4545     295.4540
 49     294.1186     294.8687
 50     299.7533     294.2722
 51     305.3580     293.6642
 52     310.9322     293.0451
 53     316.4753     292.4148
 54     321.9867     291.7734
 55     327.4659     291.1210
 56     332.9124     290.4576
 57     338.3256     289.7833
 58     343.7050     289.0981
 59     349.0500     288.4022
 60     354.3601     287.6952
 61     359.6348     286.9730
 62     364.8734     286.2342
 63     370.0757     285.4789
 64     375.2409     284.7075
 65     380.3686     283.9200
 66     385.4582     283.1168
 67     390.5092     282.2979
 68     395.5213     281.4637
 69     400.4938     280.6142
 70     405.4263     279.7499
 71     410.3182     278.8708
 72     415.1690     277.9772
 73     419.9784     277.0693
 74     424.7458     276.1473
 75     429.4706     275.2115
 76     434.1526     274.2621
 77     438.7911     273.2993
 78     443.3857     272.3233
 79     447.9360     271.3344
 80     452.4416     270.3329
 81     456.9018     269.3189
 82     461.3164     268.2926
 83     465.6848     267.2544
 84     470.0067     266.2045
 85     474.2816     265.1430
 86     478.5091     264.0703
 87     482.6887     262.9865
 88     486.8200     261.8920
 89     490.9026     260.7870
 90     494.9362     259.6716
 91     498.9203     258.5462
 92     502.8544     257.4109
 93     506.7383     256.2662
 94     510.5715     255.1121
 95     514.3537     253.9489
 96     518.0845     252.7769
 97     521.7634     251.5963
 98     525.3901     250.4074
 99     528.9643     249.2103
100     532.4856     248.0054
101     535.9537     246.7930
102     539.0000     245.7059
Vault coordinates
 396
  1       0.0000    -640.5527
  2       2.3322    -640.5486
  3       4.6644    -640.5360
  4       6.9965    -640.5151
  5       9.3286    -640.4858
  6      11.6605    -640.4482
  7      13.9923    -640.4021
  8      16.3239    -640.3478
  9      18.6552    -640.2850
 10      20.9864    -640.2139
 11      23.3172    -640.1344
 12      25.6478    -640.0466
 13      27.9780    -639.9504
 14      30.3079    -639.8458
 15      32.6374    -639.7329
 16      34.9665    -639.6117
 17      37.2951    -639.4821
 18      39.6232    -639.3441
 19      41.9508    -639.1978
 20      44.2779    -639.0431
 21      46.6045    -638.8800
 22      48.9304    -638.7087
 23      51.2557    -638.5289
 24      53.5803    -638.3409
 25      55.9042    -638.1445
 26      58.2274    -637.9398
 27      60.5499    -637.7267
 28      62.8716    -637.5052
 29      65.1925    -637.2756
 30      67.5125    -637.0375
 31      69.8317    -636.7911
 32      72.1500    -636.5365
 33      74.4673    -636.2734
 34      76.7837    -636.0021
 35      79.0991    -635.7225
 36      81.4135    -635.4346
 37      83.7268    -635.1384
 38      86.0390    -634.8339
 39      88.3502    -634.5210
 40      90.6602    -634.1999
 41      92.9691    -633.8705
 42      95.2767    -633.5328
 43      97.5831    -633.1869
 44      99.8883    -632.8326
 45     102.1922    -632.4702
 46     104.4948    -632.0994
 47     106.7960    -631.7204
 48     109.0958    -631.3331
 49     111.3943    -630.9376
 50     113.6913    -630.5338
 51     115.9868    -630.1218
 52     118.2809    -629.7016
 53     120.5734    -629.2731
 54     122.8644    -628.8364
 55     125.1538    -628.3915
 56     127.4416    -627.9385
 57     129.7277    -627.4771
 58     132.0122    -627.0076
 59     134.2950    -626.5299
 60     136.5760    -626.0440
 61     138.8553    -625.5499
 62     141.1328    -625.0477
 63     143.4085    -624.5372
 64     145.6824    -624.0187
 65     147.9543    -623.4919
 66     150.2244    -622.9571
 67     152.4925    -622.4141
 68     154.7587    -621.8629
 69     157.0229    -621.3036
 70     159.2850    -620.7363
 71     161.5451    -620.1608
 72     163.8032    -619.5771
 73     166.0591    -618.9854
 74     168.3129    -618.3856
 75     170.5645    -617.7777
 76     172.8139    -617.1617
 77     175.0611    -616.5377
 78     177.3060    -615.9057
 79     179.5487    -615.2655
 80     181.7890    -614.6174
 81     184.0270    -613.9612
 82     186.2626    -613.2969
 83     188.4958    -612.6247
 84     190.7267    -611.9445
 85     192.9550    -611.2562
 86     195.1809    -610.5599
 87     197.4042    -609.8557
 88     199.6250    -609.1436
 89     201.8433    -608.4234
 90     204.0589    -607.6953
 91     206.2719    -606.9592
 92     208.4823    -606.2152
 93     210.6900    -605.4633
 94     212.8950    -604.7035
 95     215.0972    -603.9357
 96     217.2967    -603.1601
 97     219.4933    -602.3766
 98     221.6871    -601.5852
 99     223.8781    -600.7859
100     226.0663    -599.9788
101     227.7872    -599.3369
102     229.5057    -598.6884
103     231.2217    -598.0334
104     232.9353    -597.3721
105     234.6463    -596.7042
106     236.3548    -596.0299
107     238.0608    -595.3492
108     239.7642    -594.6621
109     241.4650    -593.9685
110     243.1632    -593.2686
111     244.8587    -592.5623
112     246.5516    -591.8495
113     248.2417    -591.1304
114     249.9292    -590.4049
115     251.6139    -589.6732
116     253.2958    -588.9350
117     254.9749    -588.1906
118     256.6512    -587.4397
119     258.3247    -586.6826
120     259.9953    -585.9192
121     261.6630    -585.1495
122     263.3279    -584.3735
123     264.9897    -583.5913
124     266.6486    -582.8029
125     268.3046    -582.0081
126     269.9575    -581.2071
127     271.6074    -580.3999
128     273.2543    -579.5865
129     274.8980    -578.7669
130     276.5387    -577.9412
131     278.1762    -577.1092
132     279.8106    -576.2711
133     281.4419    -575.4268
134     283.0699    -574.5764
135     284.6948    -573.7198
136     286.3164    -572.8572
137     287.9347    -571.9885
138     289.5498    -571.1136
139     291.1615    -570.2327
140     292.7699    -569.3457
141     294.3750    -568.4527
142     295.9766    -567.5536
143     297.5750    -566.6486
144     299.1698    -565.7374
145     300.7612    -564.8203
146     302.3492    -563.8972
147     303.9336    -562.9681
148     305.5146    -562.0331
149     307.0920    -561.0920
150     308.6659    -560.1451
151     310.2361    -559.1923
152     311.8029    -558.2335
153     313.3659    -557.2689
154     314.9254    -556.2983
155     316.4811    -555.3220
156     318.0332    -554.3397
157     319.5815    -553.3516
158     321.1261    -552.3577
159     322.6670    -551.3580
160     324.2041    -550.3524
161     325.7374    -549.3411
162     327.2669    -548.3240
163     328.7925    -547.3012
164     330.3142    -546.2726
165     331.8321    -545.2383
166     333.3461    -544.1984
167     334.8561    -543.1526
168     336.3622    -542.1013
169     337.8644    -541.0442
170     339.3625    -539.9814
171     340.8566    -538.9131
172     342.3466    -537.8392
173     343.8327    -536.7596
174     345.3147    -535.6745
175     346.7925    -534.5837
176     348.2663    -533.4874
177     349.7358    -532.3856
178     351.2013    -531.2783
179     352.6625    -530.1654
180     354.1195    -529.0471
181     355.5724    -527.9232
182     357.0210    -526.7939
183     358.4652    -525.6591
184     359.9053    -524.5189
185     361.3410    -523.3733
186     362.7724    -522.2223
187     364.1995    -521.0659
188     365.6222    -519.9042
189     367.0405    -518.7371
190     368.4543    -517.5646
191     369.8638    -516.3868
192     371.2688    -515.2037
193     372.6694    -514.0154
194     374.0655    -512.8218
195     375.4570    -511.6229
196     376.8441    -510.4188
197     378.2266    -509.2095
198     379.6045    -507.9950
199     380.9780    -506.7751
200     381.5572    -506.2570
201     382.1346    -505.7370
202     382.7104    -505.2151
203     383.2843    -504.6913
204     383.8566    -504.1655
205     384.4270    -503.6378
206     384.9957    -503.1083
207     385.5626    -502.5768
208     386.1278    -502.0435
209     386.6911    -501.5082
210     387.2527    -500.9711
211     387.8125    -500.4321
212     388.3705    -499.8913
213     388.9267    -499.3486
214     389.4810    -498.8040
215     390.0335    -498.2576
216     390.5843    -497.7094
217     391.1331    -497.1593
218     391.6802    -496.6074
219     392.2254    -496.0537
220     392.7687    -495.4981
221     393.3102    -494.9408
222     393.8499    -494.3817
223     394.3876    -493.8207
224     394.9235    -493.2580
225     395.4575    -492.6934
226     395.9896    -492.1271
227     396.5198    -491.5590
228     397.0482    -490.9892
229     397.5746    -490.4176
230     398.0991    -489.8442
231     398.6217    -489.2691
232     399.1424    -488.6923
233     399.6611    -488.1137
234     400.1779    -487.5334
235     400.6928    -486.9514
236     401.2057    -486.3676
237     401.7167    -485.7822
238     402.2257    -485.1950
239     402.7328    -484.6062
240     403.2379    -484.0157
241     403.7410    -483.4234
242     404.2422    -482.8295
243     404.7413    -482.2340
244     405.2385    -481.6367
245     405.7337    -481.0379
246     406.2268    -480.4373
247     406.7180    -479.8352
248     407.2071    -479.2314
249     407.6943    -478.6259
250     408.1794    -478.0189
251     408.6625    -477.4102
252     409.1435    -476.7999
253     409.6226    -476.1880
254     410.0995    -475.5746
255     410.5745    -474.9595
256     411.0473    -474.3429
257     411.5181    -473.7246
258     411.9869    -473.1049
259     412.4535    -472.4835
260     412.9182    -471.8606
261     413.3806    -471.2362
262     413.8411    -470.6102
263     414.2994    -469.9827
264     414.7556    -469.3536
265     415.2098    -468.7231
266     415.6618    -468.0910
267     416.1117    -467.4574
268     416.5595    -466.8223
269     417.0052    -466.1858
270     417.4488    -465.5477
271     417.8902    -464.9082
272     418.3295    -464.2672
273     418.7667    -463.6247
274     419.2016    -462.9808
275     419.6345    -462.3354
276     420.0652    -461.6887
277     420.4937    -461.0404
278     420.9201    -460.3907
279     421.3443    -459.7397
280     421.7663    -459.0872
281     422.1862    -458.4333
282     422.6039    -457.7780
283     423.0193    -457.1213
284     423.4326    -456.4632
285     423.8437    -455.8038
286     424.2526    -455.1430
287     424.6592    -454.4808
288     425.0637    -453.8173
289     425.4659    -453.1524
290     425.8660    -452.4862
291     426.2638    -451.8187
292     426.6593    -451.1498
293     427.0527    -450.4796
294     427.4438    -449.8081
295     427.8326    -449.1354
296     428.2192    -448.4613
297     428.6036    -447.7859
298     428.9856    -447.1094
299     429.2313    -446.6700
300     429.4749    -446.2294
301     429.7162    -445.7876
302     429.9553    -445.3445
303     430.1922    -444.9003
304     430.4268    -444.4549
305     430.6593    -444.0083
306     430.8895    -443.5605
307     431.1175    -443.1117
308     431.3432    -442.6617
309     431.5667    -442.2105
310     431.7879    -441.7582
311     432.0068    -441.3049
312     432.2235    -440.8505
313     432.4379    -440.3950
314     432.6500    -439.9384
315     432.8599    -439.4807
316     433.0674    -439.0221
317     433.2727    -438.5623
318     433.4756    -438.1016
319     433.6763    -437.6399
320     433.8746    -437.1771
321     434.0706    -436.7134
322     434.2644    -436.2487
323     434.4557    -435.7831
324     434.6448    -435.3165
325     434.8315    -434.8489
326     435.0159    -434.3804
327     435.1979    -433.9110
328     435.3776    -433.4407
329     435.5550    -432.9696
330     435.7299    -432.4975
331     435.9026    -432.0246
332     436.0728    -431.5508
333     436.2407    -431.0761
334     436.4062    -430.6006
335     436.5693    -430.1244
336     436.7301    -429.6473
337     436.8884    -429.1694
338     437.0444    -428.6907
339     437.1980    -428.2112
340     437.3491    -427.7310
341     437.4979    -427.2500
342     437.6443    -426.7683
343     437.7882    -426.2859
344     437.9298    -425.8028
345     438.0689    -425.3189
346     438.2056    -424.8344
347     438.3399    -424.3492
348     438.4718    -423.8633
349     438.6012    -423.3767
350     438.7282    -422.8896
351     438.8528    -422.4018
352     438.9749    -421.9134
353     439.0946    -421.4243
354     439.2118    -420.9347
355     439.3266    -420.4445
356     439.4389    -419.9538
357     439.5488    -419.4625
358     439.6562    -418.9706
359     439.7611    -418.4782
360     439.8636    -417.9853
361     439.9637    -417.4919
362     440.0612    -416.9980
363     440.1564    -416.5036
364     440.2490    -416.0087
365     440.3391    -415.5134
366     440.4268    -415.0177
367     440.5120    -414.5215
368     440.5947    -414.0249
369     440.6750    -413.5278
370     440.7527    -413.0304
371     440.8280    -412.5327
372     440.9008    -412.0345
373     440.9710    -411.5359
374     441.0388    -411.0371
375     441.1041    -410.5379
376     441.1669    -410.0384
377     441.2272    -409.5385
378     441.2850    -409.0384
379     441.3403    -408.5380
380     441.3931    -408.0373
381     441.4434    -407.5364
382     441.4912    -407.0352
383     441.5365    -406.5338
384     441.5793    -406.0322
385     441.6196    -405.5303
386     441.6573    -405.0283
387     441.6926    -404.5261
388     441.7253    -404.0237
389     441.7556    -403.5211
390     441.7833    -403.0185
391     441.8085    -402.5157
392     441.8312    -402.0127
393     441.8514    -401.5097
394     441.8690    -401.0065
395     441.8842    -400.5033
396     441.8969    -400.0000
