
 LABORATORI D'ENVOL PARAGLIDING 2.60 version "Les Escaules" 
 by Pere Casellas 2010-2016
 http://www.laboratoridenvol.com
 General Public License GNU/GPL 3.0

 Brand: Laboratori d'envol                                
 Paraglider model: gnuLAB4_previous                                  
 scale:   1.

 1. MAIN PARAMETERS:
 -------------------------------------------------
Flat area =  25.00 m2  269.1 ft2
Flat span =  11.51 m    37.8 ft
Flat A/R =  5.30

Projected area =  21.98 m2  236.6 ft2
Projected span =   9.50 m    31.2 ft
Projected A/R =  4.11
Flattening =    .12

More geometric parameters:
Vault arrow =   2.56 m
Proj_span/arrow =   3.72
Line heigth (included risers) =   7.47 m
Proj_span/Line_heigth =   1.36
Karabiners - wingtip =   6.51 m
Proj_span/(Karabiners - wingtip) =   1.46

Wing type is: ds

Planform center of gravity at 52.25 % from leading edge

 2. CALAGE PROPERTIES:
 -------------------------------------------------
finesse GR   8.80
glide angle   6.48
AoA   4.92
assiette   1.56
total height hcp (inc risers)   747. cm
risers    47. cm
calage, pilot centering % cm  30.50   82.66
center pressure (estimation) cm  38.00  102.99
karabiners (x,y,z)      20.00     82.66    747.00

 3. RIB PROPERTIES:
 -------------------------------------------------
 Ribs number =  48
 Cells number =  47
 Zero-thickness central cell

 Rib - Chord - washin - beta 
 -------------------------------------------------
 1     271.02    .000    .00
 2     270.65    .006   2.40
 3     269.56    .024   4.72
 4     267.74    .054   6.89
 5     265.20    .097   9.21
 6     261.97    .150  11.53
 7     258.02    .216  13.86
 8     253.40    .293  16.26
 9     248.12    .380  19.36
10     242.18    .479  22.45
11     235.61    .588  25.55
12     228.43    .707  28.44
13     220.65    .836  31.33
14     212.31    .975  34.02
15     202.61   1.136  37.18
16     190.99   1.329  40.94
17     177.72   1.549  44.33
18     163.10   1.792  47.71
19     147.45   2.052  50.91
20     131.06   2.324  53.92
21     114.25   2.603  62.79
22      97.28   2.885  71.73
23      80.41   3.165  80.30
24      63.85   4.500  88.16

 Cell   width (cm)
 0         .00
 1     30.60
 2     30.52
 3     30.37
 4     30.17
 5     29.92
 6     29.60
 7     29.24
 8     28.82
 9     28.35
10     27.83
11     27.26
12     26.65
13     25.99
14     25.22
15     24.29
16     23.25
17     22.10
18     20.85
19     19.56
20     18.23
21     16.89
22     15.55
23     14.24

 4. LINE MATRIX, LINE LENGTHS,AND LINE LOADS:
 Line-plan- level- order- ap  - r - row - rib -  L    -   length -length_e - load (Kg)
 --------------------------------------------------------------------------
  1     1     1     1    11     4     1    22    L =     47.00    47.00     9.52
  2     1     2     1     3     3     1     6    L =    508.73   508.59     3.28
  3     1     2     2     4     4     1    14    L =    403.34   403.22     3.84
  4     1     2     3     4     4     1    22    L =    381.08   381.01     2.39
  5     1     3     1     1     3     1     2    L =    191.36   191.32     1.11
  6     1     3     2     1     3     1     4    L =    181.56   181.52     1.10
  7     1     3     3     1     3     1     6    L =    186.30   186.26     1.08
  8     1     3     4     2     4     1    10    L =    175.00   174.93     2.03
  9     1     3     5     2     4     1    14    L =    175.00   174.94     1.81
 10     1     3     6     2     4     1    18    L =    175.00   174.95     1.45
 11     1     3     7     2     4     1    22    L =    175.00   174.97      .94
 12     1     4     1     1     4     1     8    L =    116.66   116.63     1.04
 13     1     4     2     1     4     1    10    L =    108.06   108.04      .99
 14     1     4     3     1     4     1    12    L =    104.37   104.35      .94
 15     1     4     4     1     4     1    14    L =    105.75   105.73      .87
 16     1     4     5     1     4     1    16    L =    119.30   119.28      .78
 17     1     4     6     1     4     1    18    L =    108.17   108.15      .67
 18     1     4     7     1     4     1    20    L =    100.76   100.75      .54
 19     1     4     8     1     4     1    22    L =     94.97    94.96      .40
 20     2     1     1    14     3     3    24    L =     47.00    47.00    10.17
 21     2     2     1     3     3     2     6    L =    502.52   502.39     3.28
 22     2     2     2     4     4     2    14    L =    397.67   397.55     3.84
 23     2     2     3     4     4     2    22    L =    378.54   378.47     2.39
 24     2     2     4     3     3     3    24    L =    451.10   451.07      .66
 25     2     3     1     1     3     2     2    L =    191.33   191.29     1.11
 26     2     3     2     1     3     2     4    L =    181.51   181.47     1.10
 27     2     3     3     1     3     2     6    L =    186.10   186.06     1.08
 28     2     3     4     2     4     2    10    L =    175.00   174.93     2.03
 29     2     3     5     2     4     2    14    L =    175.00   174.94     1.81
 30     2     3     6     2     4     2    18    L =    175.00   174.95     1.45
 31     2     3     7     2     4     2    22    L =    175.00   174.97      .94
 32     2     3     8     1     3     1    24    L =    179.50   179.49      .26
 33     2     3     9     1     3     2    24    L =    179.96   179.95      .26
 34     2     3    10     1     3     3    24    L =    183.44   183.43      .13
 35     2     4     1     1     4     2     8    L =    115.86   115.84     1.04
 36     2     4     2     1     4     2    10    L =    107.68   107.66      .99
 37     2     4     3     1     4     2    12    L =    104.27   104.25      .94
 38     2     4     4     1     4     2    14    L =    105.89   105.87      .87
 39     2     4     5     1     4     2    16    L =    116.66   116.64      .78
 40     2     4     6     1     4     2    18    L =    107.26   107.25      .67
 41     2     4     7     1     4     2    20    L =    100.62   100.61      .54
 42     2     4     8     1     4     2    22    L =     94.81    94.80      .40
 43     3     1     1    10     3     3    20    L =     47.00    47.00     4.56
 44     3     2     1     3     3     3     6    L =    511.35   511.29     1.64
 45     3     2     2     4     4     3    14    L =    406.44   406.38     1.92
 46     3     2     3     3     3     3    20    L =    485.24   485.20     1.00
 47     3     3     1     1     3     3     2    L =    191.22   191.19      .56
 48     3     3     2     1     3     3     4    L =    181.55   181.53      .55
 49     3     3     3     1     3     3     6    L =    186.40   186.38      .54
 50     3     3     4     2     4     3    10    L =    175.00   174.96     1.02
 51     3     3     5     2     4     3    14    L =    175.00   174.97      .90
 52     3     3     6     1     3     3    16    L =    191.10   191.08      .39
 53     3     3     7     1     3     3    18    L =    181.07   181.06      .33
 54     3     3     8     1     3     3    20    L =    177.23   177.22      .27
 55     3     4     1     1     4     3     8    L =    116.26   116.25      .52
 56     3     4     2     1     4     3    10    L =    107.86   107.85      .50
 57     3     4     3     1     4     3    12    L =    104.22   104.21      .47
 58     3     4     4     1     4     3    14    L =    105.62   105.61      .44
 59     4     1     1     9     3     6    22    L =    300.00      .00      .00
 60     4     2     1     3     3     6     7    L =    299.51      .00      .00
 61     4     2     2     3     3     6    16    L =    264.94      .00      .00
 62     4     2     3     3     3     6    22    L =    252.52      .00      .00
 63     4     3     1     1     3     6     3    L =    161.13      .00      .00
 64     4     3     2     1     3     6     5    L =    136.70      .00      .00
 65     4     3     3     1     3     6     7    L =    138.29      .00      .00
 66     4     3     4     1     3     6    10    L =    162.09      .00      .00
 67     4     3     5     1     3     6    13    L =    138.88      .00      .00
 68     4     3     6     1     3     6    16    L =    146.49      .00      .00
 69     4     3     7     1     3     6    18    L =    143.97      .00      .00
 70     4     3     8     1     3     6    20    L =    137.07      .00      .00
 71     4     3     9     1     3     6    22    L =    134.14      .00      .00

Total line lengths (without loops) =    264.13
Total line lengths (with loops) =    292.53
 (estimation of 10 cm additional per loop)


 5. Adjustment seam parameters on the inner side
 of extrados panels (fig. 10 of the manual)
 -------------------------------------------------
 Not used ( ndif=1000 )


 6. VERIFICATION Panels and rib differences (mm):
 -------------------------------------------------
 NOTE: Maximal accuracy << 0.02 mm in extrados and intrados panels

 Number - Panel at left - Rib - Panel at right - max dif (mm)

 1     2964.26   2964.26   2964.26      .000 extra
 1     2531.59   2531.59   2531.59      .001 intra

 2     2960.22   2960.22   2960.22      .000 extra
 2     2528.13   2528.13   2528.13      .001 intra

 3     2948.29   2948.29   2948.29      .000 extra
 3     2517.95   2517.95   2517.95      .001 intra

 4     2928.39   2928.39   2928.39      .000 extra
 4     2500.95   2500.95   2500.95      .001 intra

 5     2900.61   2900.61   2900.61      .000 extra
 5     2477.22   2477.22   2477.22      .001 intra

 6     2865.28   2865.28   2865.28      .000 extra
 6     2447.05   2447.05   2447.05      .002 intra

 7     2822.08   2822.08   2822.08      .000 extra
 7     2410.15   2410.15   2410.16      .002 intra

 8     2771.55   2771.55   2771.55      .000 extra
 8     2367.00   2367.00   2367.00      .001 intra

 9     2713.80   2713.80   2713.80      .000 extra
 9     2317.68   2317.68   2317.68      .002 intra

10     2648.83   2648.83   2648.83      .000 extra
10     2262.19   2262.19   2262.19      .002 intra

11     2576.97   2576.97   2576.97      .000 extra
11     2200.82   2200.82   2200.83      .002 intra

12     2498.44   2498.44   2498.44      .000 extra
12     2133.75   2133.76   2133.76      .002 intra

13     2413.34   2413.34   2413.34      .000 extra
13     2061.08   2061.08   2061.09      .003 intra

14     2322.13   2322.13   2322.13      .000 extra
14     1983.18   1983.18   1983.18      .003 intra

15     2216.03   2216.03   2216.03      .000 extra
15     1892.57   1892.57   1892.57      .003 intra

16     2088.94   2088.94   2088.94      .000 extra
16     1784.03   1784.03   1784.03      .004 intra

17     1943.80   1943.80   1943.80      .000 extra
17     1660.07   1660.08   1660.08      .004 intra

18     1783.90   1783.90   1783.90      .000 extra
18     1523.51   1523.51   1523.51      .005 intra

19     1612.72   1612.72   1612.72      .000 extra
19     1377.32   1377.32   1377.33      .005 intra

20     1433.46   1433.46   1433.46      .000 extra
20     1224.22   1224.23   1224.23      .004 intra

21     1249.60   1249.60   1249.60      .000 extra
21     1067.20   1067.20   1067.21      .008 intra

22     1063.99   1063.99   1063.99      .000 extra
22      908.68    908.69    908.69      .007 intra

23      879.48    879.48    879.48      .000 extra
23      751.10    751.11    751.12      .013 intra

24      638.50    638.50     -          .000 extra
24      593.14    593.14     -          .001 intra

 Panel distorsions in the leading edge (mm):
 -------------------------------------------
 Panel   D. extra   D. intra
  0       .0000     .0000
  1       .0168     .0016
  2       .0137     .0014
  3       .0074     .0012
  4       .0012     .0009
  5      -.0086     .0002
  6      -.0214    -.0009
  7      -.0355    -.0024
  8      -.0469    -.0029
  9      -.0672    -.0046
 10      -.0893    -.0065
 11      -.0001    -.0085
 12      -.0002    -.0103
 13      -.0004    -.0120
 14      -.0010    -.0196
 15      -.0030    -.0306
 16      -.0074    -.0431
 17      -.0137    -.0557
 18      -.0227    -.0700
 19      -.0337    -.0841
 20      -.0320    -.0179
 21      -.0399    -.0203
 22      -.0137    -.0240
 23      -.0372    -.0146
