 Leading edge coordinates:
 110
  1        .0000        .0000
  2       6.0967        .0112
  3      12.1928        .0447
  4      18.2877        .1006
  5      24.3807        .1788
  6      30.4713        .2794
  7      36.5589        .4023
  8      42.6427        .5475
  9      48.7224        .7151
 10      54.7971        .9049
 11      60.8664       1.1170
 12      66.9296       1.3513
 13      72.9861       1.6078
 14      79.0353       1.8866
 15      85.0766       2.1875
 16      91.1094       2.5106
 17      97.1331       2.8557
 18     103.1471       3.2230
 19     109.1508       3.6122
 20     115.1435       4.0235
 21     121.1247       4.4567
 22     127.0938       4.9118
 23     133.0502       5.3889
 24     138.9934       5.8877
 25     144.9226       6.4083
 26     150.8373       6.9506
 27     156.7369       7.5145
 28     162.6208       8.1001
 29     168.4885       8.7072
 30     174.3393       9.3358
 31     180.1727       9.9859
 32     185.9881      10.6573
 33     191.7849      11.3499
 34     197.5625      12.0638
 35     203.3204      12.7989
 36     209.0579      13.5550
 37     214.7745      14.3322
 38     220.4697      15.1302
 39     226.1427      15.9492
 40     231.7932      16.7888
 41     237.4205      17.6492
 42     243.0241      18.5301
 43     248.6033      19.4316
 44     254.1577      20.3534
 45     259.6867      21.2956
 46     265.1897      22.2580
 47     270.6662      23.2406
 48     276.1156      24.2431
 49     281.5374      25.2657
 50     286.9311      26.3080
 51     292.2961      27.3705
 52     297.6318      28.4763
 53     302.9378      29.6384
 54     308.2134      30.8560
 55     313.4583      32.1283
 56     318.6718      33.4547
 57     323.8535      34.8342
 58     329.0027      36.2662
 59     334.1191      37.7497
 60     339.2021      39.2841
 61     344.2511      40.8685
 62     349.2657      42.5020
 63     354.2454      44.1839
 64     359.1896      45.9131
 65     364.0980      47.6890
 66     368.9699      49.5105
 67     373.8049      51.3769
 68     378.6026      53.2873
 69     383.3624      55.2407
 70     388.0838      57.2362
 71     392.7664      59.2729
 72     397.4098      61.3500
 73     402.0135      63.4664
 74     406.5769      65.6213
 75     411.0997      67.8136
 76     415.5813      70.0426
 77     420.0214      72.3071
 78     424.4195      74.6063
 79     428.7752      76.9392
 80     433.0880      79.3049
 81     437.3575      81.7023
 82     441.5832      84.1305
 83     445.7648      86.5886
 84     449.9018      89.0756
 85     453.9938      91.5904
 86     458.0404      94.1322
 87     462.0412      96.6998
 88     465.9958      99.2925
 89     469.9039     101.9091
 90     473.7649     104.5488
 91     477.5785     107.2104
 92     481.3444     109.8931
 93     485.0622     112.5959
 94     488.7314     115.3178
 95     492.3518     118.0578
 96     495.9229     120.8150
 97     499.4445     123.5884
 98     502.9161     126.3770
 99     506.3374     129.1798
100     509.7081     131.9960
101     513.0278     134.8245
102     516.2963     137.6645
103     519.5130     140.5149
104     522.6779     143.3748
105     525.7904     146.2433
106     528.8504     149.1195
107     531.8575     152.0025
108     534.8114     154.8913
109     537.7119     157.7850
110     539.0000     159.0890
 Trailing edge coordinates:
 102
  1        .0000     309.3300
  2       6.3691     309.3236
  3      12.7376     309.3044
  4      19.1049     309.2724
  5      25.4702     309.2276
  6      31.8330     309.1701
  7      38.1926     309.0997
  8      44.5483     309.0166
  9      50.8997     308.9207
 10      57.2459     308.8121
 11      63.5864     308.6907
 12      69.9205     308.5566
 13      76.2477     308.4097
 14      82.5672     308.2502
 15      88.8785     308.0779
 16      95.1809     307.8930
 17     101.4737     307.6955
 18     107.7565     307.4853
 19     114.0284     307.2625
 20     120.2890     307.0271
 21     126.5375     306.7791
 22     132.7733     306.5186
 23     138.9959     306.2456
 24     145.2046     305.9601
 25     151.3988     305.6621
 26     157.5778     305.3517
 27     163.7410     305.0289
 28     169.8879     304.6938
 29     176.0178     304.3463
 30     182.1301     303.9865
 31     188.2242     303.6144
 32     194.2995     303.2301
 33     200.3553     302.8336
 34     206.3911     302.4250
 35     212.4062     302.0043
 36     218.4001     301.5715
 37     224.3722     301.1267
 38     230.3219     300.6699
 39     236.2485     300.2012
 40     242.1514     299.7206
 41     248.0302     299.2282
 42     253.8842     298.7240
 43     259.7127     298.2080
 44     265.5154     297.6804
 45     271.2914     297.1411
 46     277.0403     296.5902
 47     282.7615     296.0278
 48     288.4545     295.4540
 49     294.1186     294.8687
 50     299.7533     294.2722
 51     305.3580     293.6642
 52     310.9322     293.0451
 53     316.4753     292.4148
 54     321.9867     291.7734
 55     327.4659     291.1210
 56     332.9124     290.4576
 57     338.3256     289.7833
 58     343.7050     289.0981
 59     349.0500     288.4022
 60     354.3601     287.6952
 61     359.6348     286.9730
 62     364.8734     286.2342
 63     370.0757     285.4789
 64     375.2409     284.7075
 65     380.3685     283.9200
 66     385.4582     283.1168
 67     390.5093     282.2979
 68     395.5213     281.4637
 69     400.4938     280.6142
 70     405.4263     279.7499
 71     410.3182     278.8708
 72     415.1690     277.9772
 73     419.9784     277.0693
 74     424.7458     276.1473
 75     429.4706     275.2115
 76     434.1526     274.2621
 77     438.7911     273.2993
 78     443.3857     272.3233
 79     447.9360     271.3345
 80     452.4416     270.3329
 81     456.9018     269.3189
 82     461.3164     268.2926
 83     465.6848     267.2544
 84     470.0067     266.2045
 85     474.2816     265.1430
 86     478.5090     264.0703
 87     482.6887     262.9865
 88     486.8200     261.8920
 89     490.9026     260.7870
 90     494.9362     259.6716
 91     498.9203     258.5462
 92     502.8544     257.4109
 93     506.7383     256.2662
 94     510.5715     255.1121
 95     514.3537     253.9489
 96     518.0844     252.7769
 97     521.7634     251.5963
 98     525.3901     250.4074
 99     528.9643     249.2103
100     532.4856     248.0054
101     535.9537     246.7930
102     539.0000     245.7059
 Vault coordinates:
 395
  1        .0000    -640.9000
  2       2.3356    -640.8958
  3       4.6711    -640.8832
  4       7.0066    -640.8622
  5       9.3420    -640.8329
  6      11.6773    -640.7952
  7      14.0125    -640.7491
  8      16.3474    -640.6947
  9      18.6822    -640.6318
 10      21.0167    -640.5606
 11      23.3509    -640.4810
 12      25.6848    -640.3931
 13      28.0184    -640.2968
 14      30.3517    -640.1920
 15      32.6845    -640.0790
 16      35.0169    -639.9575
 17      37.3489    -639.8277
 18      39.6804    -639.6895
 19      42.0114    -639.5430
 20      44.3418    -639.3881
 21      46.6717    -639.2249
 22      49.0010    -639.0532
 23      51.3296    -638.8732
 24      53.6576    -638.6849
 25      55.9849    -638.4882
 26      58.3115    -638.2832
 27      60.6373    -638.0698
 28      62.9623    -637.8481
 29      65.2866    -637.6180
 30      67.6100    -637.3796
 31      69.9325    -637.1329
 32      72.2541    -636.8779
 33      74.5748    -636.6145
 34      76.8945    -636.3428
 35      79.2133    -636.0627
 36      81.5310    -635.7744
 37      83.8477    -635.4778
 38      86.1632    -635.1728
 39      88.4777    -634.8595
 40      90.7911    -634.5380
 41      93.1032    -634.2081
 42      95.4142    -633.8699
 43      97.7240    -633.5234
 44     100.0325    -633.1687
 45     102.3397    -632.8057
 46     104.6456    -632.4344
 47     106.9501    -632.0548
 48     109.2533    -631.6670
 49     111.5551    -631.2709
 50     113.8554    -630.8666
 51     116.1542    -630.4540
 52     118.4516    -630.0331
 53     120.7474    -629.6041
 54     123.0417    -629.1667
 55     125.3344    -628.7212
 56     127.6255    -628.2675
 57     129.9150    -627.8055
 58     132.2027    -627.3353
 59     134.4888    -626.8569
 60     136.7732    -626.3703
 61     139.0557    -625.8755
 62     141.3365    -625.3726
 63     143.6155    -624.8614
 64     145.8926    -624.3420
 65     148.1679    -623.8146
 66     150.4412    -623.2789
 67     152.7126    -622.7351
 68     154.9821    -622.1832
 69     157.2495    -621.6230
 70     159.5149    -621.0549
 71     161.7783    -620.4785
 72     164.0396    -619.8940
 73     166.2988    -619.3015
 74     168.5558    -618.7008
 75     170.8106    -618.0920
 76     173.0633    -617.4752
 77     175.3138    -616.8503
 78     177.5619    -616.2173
 79     179.8078    -615.5762
 80     182.0514    -614.9271
 81     184.2926    -614.2700
 82     186.5315    -613.6048
 83     188.7679    -612.9316
 84     191.0020    -612.2504
 85     193.2335    -611.5611
 86     195.4626    -610.8639
 87     197.6891    -610.1586
 88     199.9132    -609.4454
 89     202.1346    -608.7242
 90     204.3535    -607.9951
 91     206.5697    -607.2579
 92     208.7832    -606.5129
 93     210.9941    -605.7599
 94     213.2023    -604.9990
 95     215.4077    -604.2301
 96     217.6103    -603.4534
 97     219.8101    -602.6687
 98     222.0071    -601.8762
 99     224.2013    -601.0757
100     226.3926    -600.2675
101     228.1160    -599.6246
102     229.8369    -598.9752
103     231.5555    -598.3193
104     233.2715    -597.6569
105     234.9850    -596.9882
106     236.6960    -596.3129
107     238.4044    -595.6312
108     240.1103    -594.9431
109     241.8136    -594.2485
110     243.5142    -593.5475
111     245.2122    -592.8401
112     246.9075    -592.1264
113     248.6001    -591.4062
114     250.2899    -590.6798
115     251.9771    -589.9469
116     253.6614    -589.2077
117     255.3429    -588.4622
118     257.0217    -587.7103
119     258.6976    -586.9521
120     260.3706    -586.1876
121     262.0407    -585.4167
122     263.7079    -584.6396
123     265.3722    -583.8563
124     267.0335    -583.0667
125     268.6919    -582.2708
126     270.3472    -581.4686
127     271.9995    -580.6603
128     273.6487    -579.8457
129     275.2948    -579.0250
130     276.9379    -578.1980
131     278.5778    -577.3649
132     280.2145    -576.5255
133     281.8481    -575.6801
134     283.4785    -574.8284
135     285.1057    -573.9706
136     286.7296    -573.1067
137     288.3503    -572.2367
138     289.9677    -571.3606
139     291.5818    -570.4784
140     293.1925    -569.5901
141     294.7999    -568.6958
142     296.4039    -567.7955
143     298.0045    -566.8890
144     299.6016    -565.9766
145     301.1953    -565.0582
146     302.7856    -564.1337
147     304.3723    -563.2033
148     305.9556    -562.2670
149     307.5353    -561.3246
150     309.1114    -560.3763
151     310.6840    -559.4221
152     312.2529    -558.4619
153     313.8182    -557.4958
154     315.3799    -556.5239
155     316.9379    -555.5461
156     318.4922    -554.5624
157     320.0428    -553.5729
158     321.5897    -552.5776
159     323.1328    -551.5764
160     324.6721    -550.5695
161     326.2076    -549.5566
162     327.7393    -548.5381
163     329.2671    -547.5138
164     330.7910    -546.4838
165     332.3111    -545.4479
166     333.8272    -544.4064
167     335.3395    -543.3593
168     336.8477    -542.3063
169     338.3521    -541.2477
170     339.8523    -540.1835
171     341.3486    -539.1136
172     342.8409    -538.0381
173     344.3290    -536.9570
174     345.8131    -535.8703
175     347.2931    -534.7780
176     348.7689    -533.6801
177     350.2406    -532.5767
178     351.7082    -531.4678
179     353.1715    -530.3533
180     354.6307    -529.2333
181     356.0856    -528.1078
182     357.5363    -526.9769
183     358.9827    -525.8405
184     360.4248    -524.6987
185     361.8626    -523.5514
186     363.2960    -522.3987
187     364.7252    -521.2407
188     366.1499    -520.0772
189     367.5702    -518.9084
190     368.9862    -517.7343
191     370.3977    -516.5548
192     371.8047    -515.3701
193     373.2073    -514.1800
194     374.6054    -512.9846
195     375.9990    -511.7841
196     377.3880    -510.5782
197     378.7725    -509.3672
198     380.1524    -508.1509
199     381.5279    -506.9292
200     382.1080    -506.4104
201     382.6862    -505.8896
202     383.2628    -505.3670
203     383.8376    -504.8423
204     384.4106    -504.3159
205     384.9819    -503.7874
206     385.5514    -503.2571
207     386.1191    -502.7249
208     386.6851    -502.1907
209     387.2493    -501.6547
210     387.8117    -501.1169
211     388.3723    -500.5771
212     388.9311    -500.0355
213     389.4880    -499.4920
214     390.0432    -498.9467
215     390.5965    -498.3995
216     391.1480    -497.8504
217     391.6977    -497.2996
218     392.2455    -496.7469
219     392.7915    -496.1923
220     393.3356    -495.6360
221     393.8779    -495.0778
222     394.4183    -494.5179
223     394.9568    -493.9561
224     395.4935    -493.3925
225     396.0283    -492.8272
226     396.5612    -492.2601
227     397.0922    -491.6912
228     397.6212    -491.1205
229     398.1484    -490.5481
230     398.6737    -489.9739
231     399.1971    -489.3979
232     399.7185    -488.8203
233     400.2380    -488.2409
234     400.7555    -487.6597
235     401.2712    -487.0769
236     401.7848    -486.4923
237     402.2965    -485.9060
238     402.8063    -485.3180
239     403.3141    -484.7283
240     403.8199    -484.1369
241     404.3238    -483.5438
242     404.8257    -482.9491
243     405.3255    -482.3527
244     405.8234    -481.7546
245     406.3193    -481.1548
246     406.8132    -480.5534
247     407.3051    -479.9504
248     407.7949    -479.3457
249     408.2827    -478.7394
250     408.7686    -478.1315
251     409.2523    -477.5219
252     409.7341    -476.9108
253     410.2138    -476.2980
254     410.6915    -475.6837
255     411.1671    -475.0677
256     411.6406    -474.4502
257     412.1121    -473.8311
258     412.5815    -473.2104
259     413.0489    -472.5881
260     413.5141    -471.9643
261     413.9773    -471.3390
262     414.4384    -470.7121
263     414.8974    -470.0837
264     415.3543    -469.4537
265     415.8091    -468.8222
266     416.2618    -468.1893
267     416.7123    -467.5547
268     417.1608    -466.9188
269     417.6071    -466.2813
270     418.0513    -465.6423
271     418.4934    -465.0019
272     418.9333    -464.3599
273     419.3711    -463.7166
274     419.8067    -463.0717
275     420.2402    -462.4254
276     420.6715    -461.7777
277     421.1007    -461.1285
278     421.5276    -460.4779
279     421.9525    -459.8259
280     422.3751    -459.1725
281     422.7956    -458.5176
282     423.2138    -457.8614
283     423.6299    -457.2037
284     424.0438    -456.5447
285     424.4555    -455.8843
286     424.8649    -455.2226
287     425.2722    -454.5594
288     425.6772    -453.8950
289     426.0800    -453.2291
290     426.4807    -452.5620
291     426.8791    -451.8935
292     427.2752    -451.2236
293     427.6691    -450.5525
294     428.0608    -449.8800
295     428.4502    -449.2063
296     428.8373    -448.5312
297     429.6048    -447.1774
298     429.8509    -446.7374
299     430.0948    -446.2961
300     430.3365    -445.8536
301     430.5759    -445.4100
302     430.8131    -444.9651
303     431.0482    -444.5190
304     431.2809    -444.0718
305     431.5115    -443.6234
306     431.7397    -443.1739
307     431.9658    -442.7232
308     432.1896    -442.2714
309     432.4112    -441.8185
310     432.6304    -441.3645
311     432.8474    -440.9094
312     433.0621    -440.4532
313     433.2745    -439.9960
314     433.4847    -439.5377
315     433.6925    -439.0784
316     433.8981    -438.6180
317     434.1013    -438.1566
318     434.3023    -437.6942
319     434.5009    -437.2308
320     434.6972    -436.7664
321     434.8912    -436.3011
322     435.0829    -435.8347
323     435.2722    -435.3674
324     435.4592    -434.8992
325     435.6438    -434.4301
326     435.8261    -433.9600
327     436.0061    -433.4890
328     436.1837    -433.0172
329     436.3589    -432.5444
330     436.5318    -432.0708
331     436.7022    -431.5963
332     436.8704    -431.1210
333     437.0361    -430.6448
334     437.1995    -430.1678
335     437.3605    -429.6901
336     437.5190    -429.2115
337     437.6752    -428.7321
338     437.8290    -428.2520
339     437.9804    -427.7710
340     438.1294    -427.2894
341     438.2760    -426.8070
342     438.4202    -426.3239
343     438.5619    -425.8400
344     438.7012    -425.3555
345     438.8381    -424.8702
346     438.9726    -424.3843
347     439.1047    -423.8977
348     439.2343    -423.4105
349     439.3615    -422.9226
350     439.4862    -422.4341
351     439.6085    -421.9450
352     439.7284    -421.4553
353     439.8458    -420.9650
354     439.9607    -420.4741
355     440.0732    -419.9826
356     440.1833    -419.4906
357     440.2908    -418.9980
358     440.3959    -418.5049
359     440.4986    -418.0113
360     440.5988    -417.5172
361     440.6965    -417.0225
362     440.7917    -416.5274
363     440.8845    -416.0319
364     440.9747    -415.5358
365     441.0626    -415.0393
366     441.1479    -414.5424
367     441.2307    -414.0451
368     441.3111    -413.5474
369     441.3889    -413.0493
370     441.4643    -412.5507
371     441.5372    -412.0518
372     441.6075    -411.5526
373     441.6754    -411.0530
374     441.7408    -410.5531
375     441.8037    -410.0529
376     441.8641    -409.5523
377     441.9220    -409.0515
378     441.9774    -408.5503
379     442.0303    -408.0489
380     442.0806    -407.5473
381     442.1285    -407.0454
382     442.1738    -406.5432
383     442.2167    -406.0409
384     442.2570    -405.5383
385     442.2948    -405.0356
386     442.3302    -404.5326
387     442.3629    -404.0295
388     442.3932    -403.5262
389     442.4210    -403.0228
390     442.4462    -402.5193
391     442.4690    -402.0156
392     442.4892    -401.5118
393     442.5069    -401.0080
394     442.5221    -400.5040
395     442.5347    -400.0000
