*************************************************
LABORATORI D'ENVOL PARAGLIDING
*************************************************
GEOMETRY PRE-PROCESSOR
Version 1.6 "Canigo" (2021-01-17)
*************************************************
Auxiliar geometry data for use with LEparagliding
*************************************************
1. Matrix of geometry
*************************************************
Rib	x-rib       y-LE       y-TE   	    xp         z	beta      RP        Washin
 1       0.00      -0.00     271.02       0.00       0.00       0.00      33.33       0.00
 2      24.71       0.15     270.93      24.71       0.41       1.94      33.33       0.00
 3      49.41       0.59     270.65      49.37       1.63       3.79      33.33       0.00
 4      74.07       1.33     270.20      73.95       3.65       5.65      33.33       0.00
 5      98.68       2.36     269.56      98.40       6.48       7.51      33.33       0.00
 6     123.24       3.69     268.74     122.69      10.09       9.37      33.33       0.00
 7     147.73       5.32     267.74     146.78      14.48      11.23      33.33       0.00
 8     172.13       7.25     266.56     170.62      19.64      13.08      33.33       0.00
 9     196.43       9.48     265.20     194.20      25.54      14.94      33.33       0.00
10     220.62      12.03     263.65     217.43      32.28      17.50      33.33       0.00
11     244.68      14.89     261.92     240.21      40.01      19.98      33.33       0.00
12     268.61      18.06     260.01     262.49      48.72      22.66      33.33       0.00
13     292.38      21.56     257.92     284.22      58.36      25.14      33.33       0.00
14     315.98      25.39     255.65     305.35      68.88      27.82      33.33       0.00
15     339.41      29.56     253.19     325.83      80.24      30.30      33.33       0.00
16     362.63      34.08     250.55     345.63      92.38      32.78      33.33       0.00
17     385.65      39.11     247.72     364.70     105.26      35.25      33.33       0.00
18     408.40      45.57     244.66     382.91     118.89      38.50      33.33       0.00
19     430.84      53.60     241.36     400.04     133.39      41.88      33.33       0.00
20     452.92      63.16     237.84     416.02     148.62      45.27      33.33       0.00
21     474.61      74.18     234.11     430.81     164.47      48.65      33.33       0.00
22     495.84      86.61     230.19     444.39     180.79      51.85      33.33       0.00
23     516.58     100.37     226.07     456.69     197.49      56.71      33.33       0.00
24     536.80     115.39     221.79     466.11     215.34      67.79      33.33       0.00
25     556.45     131.60     217.36     471.83     234.11      78.51      33.33       0.00
26     575.50     148.95     212.80     473.99     254.25      88.87      33.33       0.00
*************************************************
2. Main geometry paraglider data:
***********************************************
Cells=  50
0 Number of cells is even 
Practical number of ribs  26
Span=   11.51 m
Span_proj=    9.48 m
Surface=   25.00 m2
Surface_proj=   21.95 m2
Aspect_Ratio=    5.30
Aspect_Ratio_proj=    4.09
Flattening=   0.12
Max_chord=  271.02 cm
Mid_chord=  217.22 cm
Min_chord=   63.85 cm
***********************************************
3. Some internal parameters:
***********************************************
Vault case 2: centers of the arcs:
1      0.0000   -400.0000
1     57.8010   -189.1490
1    148.0412    -63.8898
1    366.2908     92.4192
***********************************************
4. Leading edge, trailing edge, and vault coordinates:
***********************************************
Leading edge coordinates
  96
  1       0.0000       0.0000
  2       7.1020       0.0122
  3      14.2033       0.0486
  4      21.3031       0.1094
  5      28.4008       0.1945
  6      35.4957       0.3038
  7      42.5870       0.4375
  8      49.6741       0.5954
  9      56.7562       0.7775
 10      63.8326       0.9839
 11      70.9027       1.2145
 12      77.9656       1.4693
 13      85.0208       1.7483
 14      92.0675       2.0514
 15      99.1049       2.3786
 16     106.1325       2.7299
 17     113.1494       3.1052
 18     120.1550       3.5045
 19     127.1486       3.9278
 20     134.1295       4.3750
 21     141.0970       4.8460
 22     148.0503       5.3409
 23     154.9889       5.8596
 24     161.9119       6.4020
 25     168.8188       6.9680
 26     175.7088       7.5577
 27     182.5812       8.1709
 28     189.4353       8.8077
 29     196.2706       9.4678
 30     203.0861      10.1513
 31     209.8814      10.8581
 32     216.6557      11.5882
 33     223.4083      12.3414
 34     230.1386      13.1176
 35     236.8458      13.9169
 36     243.5294      14.7391
 37     250.1886      15.5841
 38     256.8228      16.4519
 39     263.4314      17.3423
 40     270.0135      18.2554
 41     276.5687      19.1909
 42     283.0963      20.1487
 43     289.5955      21.1289
 44     296.0657      22.1313
 45     302.5064      23.1558
 46     308.9168      24.2023
 47     315.2963      25.2707
 48     321.6443      26.3608
 49     327.9601      27.4726
 50     334.2431      28.6060
 51     340.4927      29.7609
 52     346.7083      30.9371
 53     352.8891      32.1345
 54     359.0347      33.3530
 55     365.1444      34.5924
 56     371.2176      35.8527
 57     377.2536      37.1399
 58     383.2520      38.5172
 59     389.2119      40.0002
 60     395.1330      41.5870
 61     401.0146      43.2757
 62     406.8560      45.0646
 63     412.6568      46.9517
 64     418.4164      48.9352
 65     424.1340      51.0130
 66     429.8093      53.1833
 67     435.4416      55.4442
 68     441.0303      57.7935
 69     446.5749      60.2294
 70     452.0749      62.7498
 71     457.5297      65.3526
 72     462.9387      68.0359
 73     468.3014      70.7975
 74     473.6173      73.6355
 75     478.8858      76.5476
 76     484.1064      79.5318
 77     489.2787      82.5860
 78     494.4020      85.7080
 79     499.4759      88.8958
 80     504.4998      92.1472
 81     509.4733      95.4601
 82     514.3958      98.8322
 83     519.2668     102.2615
 84     524.0860     105.7458
 85     528.8528     109.2830
 86     533.5667     112.8708
 87     538.2272     116.5071
 88     542.8339     120.1898
 89     547.3862     123.9166
 90     551.8839     127.6855
 91     556.3264     131.4942
 92     560.7133     135.3407
 93     565.0440     139.2227
 94     569.3183     143.1381
 95     573.5356     147.0847
 96     575.5000     148.9518
Trailing edge coordinates
  71
  1       0.0000     271.0200
  2       9.0299     271.0078
  3      18.0590     270.9714
  4      27.0862     270.9106
  5      36.1108     270.8255
  6      45.1317     270.7162
  7      54.1481     270.5826
  8      63.1591     270.4246
  9      72.1638     270.2425
 10      81.1612     270.0361
 11      90.1506     269.8055
 12      99.1309     269.5507
 13     108.1013     269.2717
 14     117.0609     268.9686
 15     126.0088     268.6414
 16     134.9441     268.2901
 17     143.8659     267.9148
 18     152.7734     267.5155
 19     161.6655     267.0923
 20     170.5415     266.6451
 21     179.4004     266.1740
 22     188.2414     265.6791
 23     197.0636     265.1604
 24     205.8660     264.6180
 25     214.6479     264.0520
 26     223.4083     263.4623
 27     232.1463     262.8491
 28     240.8612     262.2123
 29     249.5519     261.5522
 30     258.2177     260.8687
 31     266.8577     260.1619
 32     275.4710     259.4318
 33     284.0567     258.6786
 34     292.6140     257.9024
 35     301.1421     257.1031
 36     309.6401     256.2809
 37     318.1071     255.4359
 38     326.5423     254.5681
 39     334.9448     253.6777
 40     343.3138     252.7646
 41     351.6486     251.8291
 42     359.9481     250.8713
 43     368.2117     249.8911
 44     376.4384     248.8878
 45     384.6275     247.8555
 46     392.7781     246.7933
 47     400.8894     245.7014
 48     408.9607     244.5802
 49     416.9911     243.4297
 50     424.9797     242.2502
 51     432.9259     241.0420
 52     440.8288     239.8054
 53     448.6876     238.5405
 54     456.5015     237.2475
 55     464.2698     235.9269
 56     471.9916     234.5788
 57     479.6663     233.2034
 58     487.2930     231.8011
 59     494.8709     230.3722
 60     502.3994     228.9168
 61     509.8776     227.4353
 62     517.3048     225.9280
 63     524.6804     224.3952
 64     532.0034     222.8371
 65     539.2733     221.2540
 66     546.4891     219.6462
 67     553.6504     218.0141
 68     560.7563     216.3579
 69     567.8062     214.6779
 70     574.7992     212.9746
 71     575.5000     212.8018
Vault coordinates
 395
  1       0.0000    -654.2511
  2       2.0295    -654.2484
  3       4.0591    -654.2401
  4       6.0885    -654.2264
  5       8.1180    -654.2072
  6      10.1474    -654.1825
  7      12.1767    -654.1523
  8      14.2059    -654.1167
  9      16.2350    -654.0756
 10      18.2640    -654.0289
 11      20.2929    -653.9768
 12      22.3216    -653.9193
 13      24.3501    -653.8562
 14      26.3785    -653.7876
 15      28.4067    -653.7136
 16      30.4347    -653.6341
 17      32.4624    -653.5491
 18      34.4900    -653.4586
 19      36.5172    -653.3627
 20      38.5442    -653.2612
 21      40.5709    -653.1543
 22      42.5974    -653.0419
 23      44.6235    -652.9241
 24      46.6493    -652.8008
 25      48.6747    -652.6719
 26      50.6998    -652.5377
 27      52.7245    -652.3979
 28      54.7488    -652.2527
 29      56.7728    -652.1019
 30      58.7963    -651.9458
 31      60.8194    -651.7842
 32      62.8420    -651.6171
 33      64.8642    -651.4445
 34      66.8859    -651.2665
 35      68.9072    -651.0829
 36      70.9279    -650.8940
 37      72.9481    -650.6996
 38      74.9677    -650.4997
 39      76.9869    -650.2944
 40      79.0054    -650.0836
 41      81.0234    -649.8673
 42      83.0408    -649.6456
 43      85.0576    -649.4185
 44      87.0737    -649.1859
 45      89.0893    -648.9478
 46      91.1041    -648.7043
 47      93.1184    -648.4553
 48      95.1319    -648.2009
 49      97.1447    -647.9412
 50      99.1568    -647.6759
 51     101.1682    -647.4052
 52     103.1789    -647.1290
 53     105.1888    -646.8475
 54     107.1980    -646.5605
 55     109.2063    -646.2681
 56     111.2139    -645.9702
 57     113.2206    -645.6669
 58     115.2265    -645.3582
 59     117.2316    -645.0441
 60     119.2358    -644.7245
 61     121.2391    -644.3996
 62     123.2416    -644.0692
 63     125.2432    -643.7335
 64     127.2438    -643.3922
 65     129.2435    -643.0457
 66     131.2423    -642.6937
 67     133.2401    -642.3363
 68     135.2370    -641.9735
 69     137.2328    -641.6053
 70     139.2277    -641.2317
 71     141.2215    -640.8528
 72     143.2143    -640.4684
 73     145.2060    -640.0786
 74     147.1967    -639.6835
 75     149.1864    -639.2830
 76     151.1749    -638.8771
 77     153.1623    -638.4658
 78     155.1486    -638.0493
 79     157.1338    -637.6273
 80     159.1178    -637.1999
 81     161.1007    -636.7672
 82     163.0824    -636.3291
 83     165.0629    -635.8857
 84     167.0422    -635.4369
 85     169.0202    -634.9828
 86     170.9971    -634.5233
 87     172.9727    -634.0585
 88     174.9470    -633.5884
 89     176.9200    -633.1129
 90     178.8918    -632.6321
 91     180.8622    -632.1459
 92     182.8313    -631.6545
 93     184.7991    -631.1577
 94     186.7656    -630.6556
 95     188.7307    -630.1482
 96     190.6944    -629.6355
 97     192.6566    -629.1174
 98     194.6176    -628.5941
 99     196.5770    -628.0656
100     198.5353    -627.5315
101     200.3794    -627.0225
102     202.2216    -626.5067
103     204.0620    -625.9843
104     205.9005    -625.4553
105     207.7371    -624.9197
106     209.5717    -624.3774
107     211.4044    -623.8286
108     213.2351    -623.2731
109     215.0638    -622.7111
110     216.8904    -622.1425
111     218.7150    -621.5673
112     220.5374    -620.9855
113     222.3578    -620.3971
114     224.1761    -619.8022
115     225.9922    -619.2007
116     227.8061    -618.5928
117     229.6178    -617.9783
118     231.4273    -617.3572
119     233.2345    -616.7296
120     235.0395    -616.0956
121     236.8421    -615.4550
122     238.6425    -614.8079
123     240.4405    -614.1544
124     242.2361    -613.4944
125     244.0293    -612.8279
126     245.8202    -612.1549
127     247.6086    -611.4756
128     249.3945    -610.7897
129     251.1779    -610.0974
130     252.9589    -609.3987
131     254.7373    -608.6937
132     256.5132    -607.9822
133     258.2865    -607.2643
134     260.0572    -606.5400
135     261.8252    -605.8093
136     263.5906    -605.0723
137     265.3534    -604.3289
138     267.1135    -603.5792
139     268.8708    -602.8231
140     270.6254    -602.0607
141     272.3773    -601.2920
142     274.1263    -600.5170
143     275.8726    -599.7357
144     277.6161    -598.9480
145     279.3567    -598.1542
146     281.0944    -597.3540
147     282.8292    -596.5476
148     284.5612    -595.7349
149     286.2901    -594.9160
150     288.0161    -594.0909
151     289.7391    -593.2596
152     291.4592    -592.4221
153     293.1761    -591.5784
154     294.8901    -590.7285
155     296.6010    -589.8724
156     298.3087    -589.0101
157     300.0134    -588.1417
158     301.7148    -587.2672
159     303.4132    -586.3866
160     305.1084    -585.4998
161     306.8003    -584.6069
162     308.4891    -583.7080
163     310.1746    -582.8030
164     311.8568    -581.8918
165     313.5356    -580.9747
166     315.2113    -580.0515
167     316.8835    -579.1223
168     318.5524    -578.1870
169     320.2179    -577.2457
170     321.8801    -576.2985
171     323.5388    -575.3452
172     325.1940    -574.3860
173     326.8458    -573.4209
174     328.4940    -572.4497
175     330.1389    -571.4727
176     331.7801    -570.4897
177     333.4178    -569.5009
178     335.0519    -568.5061
179     336.6824    -567.5054
180     338.3093    -566.4989
181     339.9326    -565.4865
182     341.5522    -564.4683
183     343.1681    -563.4442
184     344.7803    -562.4144
185     346.3888    -561.3787
186     347.9936    -560.3373
187     349.5946    -559.2900
188     351.1918    -558.2371
189     352.7852    -557.1783
190     354.3748    -556.1138
191     355.9605    -555.0436
192     357.5424    -553.9678
193     359.1204    -552.8861
194     360.6944    -551.7989
195     362.2645    -550.7059
196     363.8307    -549.6074
197     365.3929    -548.5032
198     366.9512    -547.3933
199     368.5056    -546.2777
200     369.5045    -545.5555
201     370.5011    -544.8301
202     371.4954    -544.1013
203     372.4872    -543.3694
204     373.4766    -542.6342
205     374.4636    -541.8956
206     375.4481    -541.1539
207     376.4302    -540.4090
208     377.4099    -539.6608
209     378.3871    -538.9094
210     379.3618    -538.1549
211     380.3340    -537.3971
212     381.3038    -536.6362
213     382.2711    -535.8720
214     383.2358    -535.1047
215     384.1980    -534.3342
216     385.1577    -533.5606
217     386.1148    -532.7838
218     387.0694    -532.0039
219     388.0215    -531.2209
220     388.9709    -530.4347
221     389.9177    -529.6454
222     390.8620    -528.8530
223     391.8036    -528.0576
224     392.7427    -527.2590
225     393.6791    -526.4574
226     394.6129    -525.6527
227     395.5440    -524.8449
228     396.4724    -524.0341
229     397.3983    -523.2202
230     398.3214    -522.4033
231     399.2418    -521.5834
232     400.1596    -520.7605
233     401.0746    -519.9346
234     401.9869    -519.1056
235     402.8965    -518.2736
236     403.8034    -517.4387
237     404.7075    -516.6008
238     405.6089    -515.7599
239     406.5074    -514.9162
240     407.4033    -514.0694
241     408.2963    -513.2197
242     409.1865    -512.3671
243     410.0740    -511.5116
244     410.9586    -510.6531
245     411.8404    -509.7918
246     412.7194    -508.9276
247     413.5955    -508.0604
248     414.4688    -507.1904
249     415.3392    -506.3176
250     416.2067    -505.4419
251     417.0714    -504.5634
252     417.9332    -503.6820
253     418.7921    -502.7978
254     419.6480    -501.9107
255     420.5011    -501.0209
256     421.3512    -500.1283
257     422.1984    -499.2329
258     423.0427    -498.3347
259     423.8840    -497.4338
260     424.7223    -496.5301
261     425.5576    -495.6236
262     426.3900    -494.7144
263     427.2195    -493.8026
264     428.0458    -492.8879
265     428.8692    -491.9706
266     429.6896    -491.0505
267     430.5070    -490.1278
268     431.3213    -489.2024
269     432.1326    -488.2743
270     432.9408    -487.3436
271     433.7460    -486.4102
272     434.5481    -485.4742
273     435.3471    -484.5356
274     436.1430    -483.5943
275     436.9359    -482.6505
276     437.7256    -481.7040
277     438.5122    -480.7549
278     439.2957    -479.8033
279     440.0761    -478.8491
280     440.8534    -477.8923
281     441.6274    -476.9330
282     442.3984    -475.9712
283     443.1662    -475.0068
284     443.9308    -474.0400
285     444.6922    -473.0706
286     445.4505    -472.0987
287     446.2055    -471.1244
288     446.9574    -470.1475
289     447.7060    -469.1682
290     448.4514    -468.1865
291     449.1936    -467.2023
292     449.9326    -466.2157
293     450.6683    -465.2266
294     451.4008    -464.2352
295     452.1300    -463.2413
296     452.8560    -462.2451
297     454.2984    -460.2450
298     454.6792    -459.7097
299     455.0567    -459.1721
300     455.4308    -458.6321
301     455.8016    -458.0898
302     456.1689    -457.5452
303     456.5329    -456.9984
304     456.8935    -456.4492
305     457.2505    -455.8978
306     457.6042    -455.3442
307     457.9544    -454.7885
308     458.3011    -454.2305
309     458.6444    -453.6704
310     458.9841    -453.1082
311     459.3203    -452.5438
312     459.6530    -451.9774
313     459.9822    -451.4088
314     460.3078    -450.8383
315     460.6299    -450.2657
316     460.9483    -449.6912
317     461.2632    -449.1147
318     461.5745    -448.5362
319     461.8821    -447.9557
320     462.1862    -447.3734
321     462.4866    -446.7892
322     462.7833    -446.2031
323     463.0764    -445.6152
324     463.3658    -445.0255
325     463.6515    -444.4340
326     463.9336    -443.8407
327     464.2119    -443.2456
328     464.4865    -442.6488
329     464.7574    -442.0504
330     465.0245    -441.4502
331     465.2880    -440.8484
332     465.5476    -440.2450
333     465.8035    -439.6399
334     466.0555    -439.0333
335     466.3039    -438.4251
336     466.5484    -437.8154
337     466.7891    -437.2041
338     467.0259    -436.5914
339     467.2590    -435.9772
340     467.4882    -435.3616
341     467.7136    -434.7445
342     467.9351    -434.1261
343     468.1527    -433.5063
344     468.3665    -432.8851
345     468.5764    -432.2626
346     468.7825    -431.6388
347     468.9846    -431.0138
348     469.1828    -430.3875
349     469.3772    -429.7599
350     469.5675    -429.1312
351     469.7540    -428.5013
352     469.9366    -427.8702
353     470.1151    -427.2381
354     470.2898    -426.6048
355     470.4605    -425.9704
356     470.6272    -425.3350
357     470.7900    -424.6986
358     470.9488    -424.0612
359     471.1036    -423.4227
360     471.2545    -422.7834
361     471.4013    -422.1431
362     471.5442    -421.5018
363     471.6830    -420.8598
364     471.8178    -420.2168
365     471.9487    -419.5731
366     472.0755    -418.9285
367     472.1983    -418.2831
368     472.3170    -417.6371
369     472.4317    -416.9902
370     472.5424    -416.3427
371     472.6491    -415.6945
372     472.7517    -415.0456
373     472.8503    -414.3961
374     472.9447    -413.7460
375     473.0352    -413.0954
376     473.1216    -412.4442
377     473.2039    -411.7924
378     473.2821    -411.1401
379     473.3563    -410.4874
380     473.4265    -409.8343
381     473.4925    -409.1807
382     473.5544    -408.5267
383     473.6123    -407.8723
384     473.6661    -407.2176
385     473.7158    -406.5626
386     473.7614    -405.9072
387     473.8030    -405.2516
388     473.8404    -404.5957
389     473.8738    -403.9397
390     473.9030    -403.2834
391     473.9282    -402.6270
392     473.9493    -401.9704
393     473.9662    -401.3137
394     473.9791    -400.6569
395     473.9879    -400.0000
